950
1503499
231930
1917981
686282
380978
1104919
1643964
1945624
87208
1871212
641386
1995480
258183
1171012
752374
1485194
1879062
1906593
1071375
705448
508002
407324
1061369
1940893
335947
1077746
592482
415012
1500694
104717
1424784
1004192
336647
1342764
1690473
717624
447682
1334437
663247
534890
1205649
1304633
530369
1463831
475644
1282743
949025
354706
1189336
20400
1060154
1697338
427723
121523
1638230
763670
1199268
230711
1178681
699961
335427
603465
1704153
672073
1946228
1394626
1389696
393910
729063
52943
928800
1934711
1357576
1459168
1398542
1833219
741911
347567
187925
1931246
367966
1248078
1628583
795689
1369600
1266813
1559359
568868
1497523
738040
1268829
1832949
1341504
972982
505022
1287732
367607
1894718
1681641
1096669
1947660
610441
1031380
1305235
69608
429921
1138454
811519
777488
1326379
742765
1145453
574456
371347
1941142
1944056
1638160
1500500
512923
1135682
238539
1781752
968631
1580042
754733
1473652
867773
1122339
1368369
549414
219008
1316029
1159854
1250388
621264
1229462
1680309
1759718
40981
457796
1086096
783745
1603249
1660552
1155092
1544390
1604607
793251
1044890
117530
1928932
1283429
1899281
897562
863471
654014
371214
1731244
1776352
1739583
280657
1995360
1055612
1440511
1245747
1676876
669973
926055
1436594
710953
1383850
522689
1494698
987099
183241
649789
531489
1787848
1443040
1576379
1905378
1371972
859807
1804658
269534
1723277
458672
640747
1454520
235023
380330
1735177
230383
1435941
1175688
1476129
1112817
1845660
402184
549410
556613
1786034
1072099
51311
773132
1255339
701099
1304621
1043187
144139
880999
948564
1516110
1740805
753222
1785643
1464082
1211893
426390
918601
1446916
806719
653777
1677298
242660
1829465
1153427
1355476
1675124
1555611
1904885
231737
1341644
976983
283047
114776
232322
984146
1419397
1275508
1128284
300395
224072
644393
41199
977293
430036
1505281
189186
856425
423881
1636101
1663143
1077658
1313399
1905803
907122
466826
1261278
582246
22436
1166163
813982
1364080
143145
1097029
1478856
375467
81174
898252
1650974
1209457
1198646
1875046
1853850
1239845
852338
283886
745125
1041523
1140310
1169006
677624
803453
246663
1991022
709255
1153785
457847
1970533
1736030
480283
1136695
550012
1844362
1279840
1647040
1323217
1655306
1728213
221468
1306280
937670
1420114
1181325
791520
659958
33662
1075405
1405083
1075185
215715
574088
1752808
1019168
820750
1743830
1728423
1974535
201677
1698955
1710564
681959
835649
260575
526321
115489
1907614
1849537
1770794
1635827
71005
1077073
573496
1491119
258397
1365016
151076
292058
440420
1556159
1367243
656135
130246
1120051
1675302
950996
863881
1403724
925530
1065557
1102678
636093
1747516
1938327
896668
273836
53816
804282
123373
1824609
440108
194378
901681
1013604
1685496
1160077
378619
1836572
1452135
819038
1392730
819378
1475172
1522975
1939428
1150474
473970
803309
554197
1399499
1868865
1656875
35592
1616380
1595202
932259
1890216
1649017
1736540
13588
1473625
176648
207965
375306
1190251
1893461
1535383
1568869
1730032
987518
387907
1122761
1806895
1863079
645735
1746323
1013552
1119705
549631
1567749
519204
418496
1224623
554795
34875
819825
1487054
1925091
468841
1223593
1938679
1942466
1400241
146643
317772
590491
40104
1853154
159359
1770135
840671
547265
892895
647565
410344
1538630
393888
1423895
658335
943518
991643
1177538
1362014
216266
1732332
1396889
1036090
1219385
1321979
1504931
442978
1260657
1447396
1843218
1407300
1765167
433709
1447403
1618321
593067
1217537
458991
1140332
110432
1106556
1550675
1649061
1500444
974570
307395
443961
1966212
1484933
1805975
182477
1217264
1202863
1218567
436649
524841
723497
879627
1785497
170892
722845
1192797
1936059
1156553
640199
1554379
1749619
1857736
13370
889951
1968167
1119926
440625
1617228
620369
1415195
1924623
1064330
1381406
1409555
870304
1563883
626819
73166
782449
1063467
598006
1505945
1943093
383503
1676837
665937
1576299
1612896
1822489
216498
1167275
1572108
74233
1180645
462059
42400
300570
902684
1659627
920938
317878
1584249
1985267
1699283
993804
855570
1263166
1620622
928735
45614
684088
1526741
1551559
627181
1910244
1228396
1293118
1486543
841291
1115607
1703040
8566
687715
1777272
1189210
1149773
1819672
1489779
52456
1479298
410716
370333
1063547
395983
69616
57350
1251552
1332781
1677971
180287
1378395
362059
1707028
929953
989240
1617271
158348
282357
1103813
999639
1397963
806853
1008204
85677
584125
197413
1235450
403796
1687192
1287905
1883093
97907
1658237
946640
493890
1727853
1003989
1745441
1060633
681960
1925728
439027
1044018
1632756
1368980
33258
1250026
1527327
315614
353839
526966
1713577
1160691
1535169
1799254
1744815
1732582
1034703
148611
1419774
322608
31703
1517680
1980844
978343
11570
1708697
1982331
1757010
769329
664291
1682738
1208356
1708309
1315493
577335
1741566
565519
104662
57179
919357
631627
1770756
80048
166796
1570009
1824863
1899378
604712
1973473
1319151
927319
5176
836831
908163
983518
848400
616859
965849
605410
1386188
1630139
288148
594543
1338447
1603640
1171878
1080012
169159
1276539
1137190
1088515
1908166
907946
1168563
74962
477955
993425
1974339
1082666
966898
1293490
9985
972073
130320
918148
1955591
978720
1535006
921439
1584129
921194
551577
1872277
1515737
1890023
1475916
687614
970034
1645074
1964152
107224
733589
1872318
1015169
1902152
1947279
1493124
895577
1921618
575789
1862474
1215107
585774
834547
1345427
1503921
790137
324146
1038927
1711575
1908275
1960120
263151
1780551
1475856
153174
1256467
163470
1123207
901541
127621
1230431
1635130
1999939
245600
1537282
1947217
1738723
432858
1868834
314512
295331
1083941
900285
1129878
429367
404205
1920014
753513
1443132
1631589
661788
1403252
1894739
442339
879107
47913
1698806
1042577
1171119
600347
1170197
401550
235477
1170136
647149
1772758
1117352
385871
205615
986186
700382
500946
70126
1600667
1630823
499493
4872
1550836
1253006
1448003
1182424
1914794
851254
1077163
357133
1730361
1125075
55938
772937
296194
656285
1943134
697744
891761
1113269
1344892
664518
230621
1730763
870132
1216806
431144
1371077
1286932
31811
1001900
1786425
36682
552735
1039431
1484684
1735159
954224
335937
812322
1311356
66298
1937397
1367294
839234
233590
23579
782368
931333
915339
1895636
276225
1579857
126256
6987
449988
1343062
438131
1821065
629993
469941
822964
416417
506622
1375699
1455848
1991306
1110858
410071
327243
1923179
1721427
393540
1860575
1088721
1232774
94165
1112299
15141
1025498
27638
1910777
1301722
1607494
37032
1308709
57481
1380093
1746839
1878546
10086
216780
701510
426503
723402
77208
1882350
714707
1188065
292420
1041949
1111244
13847
1435489
971818
1102567
668262
1065983
214866
683403
91480
242503
594179
1393201
1849996
631211
701909
1907477
11304
448748
1786023
21389
665527
487532
447891
1388928
564740
330241
103635
1752805
622661
1145584
864048
636507
581072
1835866
1739074
1249334
901848
1953940
1932736
993327
196442
526915
386528
46438
1158125
1088437
1953915
1169428
1537184
1739937
1190817
202711
227469
1638707
1591639
792208
1968948
1695273
545013
591608
840856
1409061
1228114
1421928
1244926
967188
671261
146774
921127
603997